0.000529, 0.000179, 0.000451, 0.000536, 0.000028
0.000179, 0.000400, -0.000104, 0.000466, -0.000192
0.000451, -0.000104, 0.001369, -0.000373, 0.000755
0.000536, 0.000466, -0.000373, 0.003969, -0.002948
0.000028, -0.000192, 0.000755, -0.002948, 0.014400


M2 = Matrix([[0.000529, 0.000179, 0.000451, 0.000536, 0.000028],
           [0.000179, 0.000400, -0.000104, 0.000466, -0.000192],
           [0.000451, -0.000104, 0.001369, -0.000373, 0.000755],
           [0.000536, 0.000466, -0.000373, 0.003969, -0.002948],
           [0.000028, -0.000192, 0.000755, -0.002948, 0.014400]])   
M1= Matrix([[ 5.2900e-04,  1.7940e-04,  4.5103e-04,  5.3613e-04,  2.7600e-05],
           [1.7940e-04,  4.0000e-04, -1.0360e-04,  4.6620e-04, -1.9200e-04],
           [4.5103e-04, -1.0360e-04,  1.3690e-03, -3.7296e-04, 7.5480e-04],
           [5.3613e-04,  4.6620e-04, -3.7296e-04,  3.9690e-03, -2.9484e-03],
           [2.7600e-05, -1.9200e-04,  7.5480e-04, -2.9484e-03,  1.4400e-02]]) 
